До 4 степени.
8 переменных.

((2,1)) = {1}

((3,2,1)) + ((2,1)(4,3)) = {2}

36 + 3((3,1,2)) + 2((2,1)(4,3)) = {1, 1}

((4,3,2,1)) + ((3,2,1)(5,4)) + ((2,1)(4,3)(6,5)) = {3}

35((3,1)) + 6((4,1,3,2)) + 4((3,2,1)(5,4)) + 3((2,1)(4,3)(6,5)) = {2, 1}

120((2,1)) + 16((4,1,2,3)) + 9((3,1,2)(5,4)) + 6((2,1)(4,3)(6,5)) = {1, 1, 1}

((5,4,3,2,1)) + ((4,3,2,1)(6,5)) + ((3,2,1)(6,5,4)) + ((3,2,1)(5,4)(7,6)) + ((2,1)(4,3)(6,5)(8,7)) = {4}

33((4,3,1)) + 34((3,2)(4,1)) + 10((5,1,4,3,2)) + 7((4,3,2,1)(6,5)) + 6((3,2,1)(6,4,5)) + 5((3,2,1)(5,4)(7,6)) + 4((2,1)(4,3)(6,5)(8,7)) = {3, 1}

100((3,1,2)) + 546 + 70((3,1)(4,2)) + 20((5,4,1,3,2)) + 12((4,1,3,2)(6,5)) + 11((3,2,1)(6,5,4)) + 8((3,2,1)(5,4)(7,6)) + 6((2,1)(4,3)(6,5)(8,7)) = {2, 2}

273((3,2,1)) + 1260 + 204((3,1)(4,2)) + 50((5,1,3,2,4)) + 28((4,1,3,2)(6,5)) + 24((3,2,1)(6,4,5)) + 17((3,2,1)(5,4)(7,6)) + 12((2,1)(4,3)(6,5)(8,7)) = {2, 1, 1}

4320 + 783((3,1,2)) + 544((2,1)(4,3)) + 125((5,1,2,3,4)) + 64((4,1,2,3)(6,5)) + 54((3,1,2)(6,4,5)) + 36((3,1,2)(5,4)(7,6)) + 24((2,1)(4,3)(6,5)(8,7)) = {1, 1, 1, 1}

