До 4 степени.
8 переменных.

36((2,1)) = {1}

168((3,1,2)) + 378((2,1)(4,3)) = {2}

36 + 504((3,1,2)) + 756((2,1)(4,3)) = {1, 1}

756((4,1,2,3)) + 2520((3,1,2)(5,4)) + 1260((2,1)(4,3)(6,5)) = {3}

1092((3,2)) + 168 + 4536((4,1,2,3)) + 10080((3,1,2)(5,4)) + 3780((2,1)(4,3)(6,5)) = {2, 1}

3816((2,1)) + 504 + 12096((4,1,2,3)) + 22680((3,1,2)(5,4)) + 7560((2,1)(4,3)(6,5)) = {1, 1, 1}

3024((5,1,2,3,4)) + 7560((4,1,2,3)(6,5)) + 3360((3,1,2)(6,4,5)) + 7560((3,1,2)(5,4)(7,6)) + 945((2,1)(4,3)(6,5)(8,7)) = {4}

4788((4,2,3)) + 4032((4,3)) + 756 + 30240((5,1,2,3,4)) + 52920((4,1,2,3)(6,5)) + 8820((3,2)(5,4)) + 20160((3,1,2)(6,4,5)) + 37800((3,1,2)(5,4)(7,6)) + 3780((2,1)(4,3)(6,5)(8,7)) = {3, 1}

16800((3,2,1)) + 546 + 114408((3,2)(4,1)) + 2772((4,3)) + 60480((5,1,2,3,4)) + 36960((3,1,2)(6,4,5)) + 60480((3,1,2)(5,4)(7,6)) + 5670((2,1)(4,3)(6,5)(8,7)) = {2, 2}

38976((3,1,2)) + 5628 + 266112((3,2)(4,1)) + 25200((2,1)) + 151200((5,1,2,3,4)) + 80640((3,1,2)(6,4,5)) + 128520((3,1,2)(5,4)(7,6)) + 11340((2,1)(4,3)(6,5)(8,7)) = {2, 1, 1}

15912 + 112392((3,1,2)) + 632016((2,1)(4,3)) + 65016((2,1)) + 378000((5,1,2,3,4)) + 181440((3,1,2)(6,4,5)) + 272160((3,1,2)(5,4)(7,6)) + 22680((2,1)(4,3)(6,5)(8,7)) = {1, 1, 1, 1}

