До 5 степени.
10 переменных.

+((2,1)) = {1}

+((3,2,1)) + ((2,1)(4,3)) = {2}

+55 + 3((3,1,2)) + 2((2,1)(4,3)) = {1, 1}

+((4,3,2,1)) + ((3,2,1)(5,4)) + ((2,1)(4,3)(6,5)) = {3}

+54((3,1)) + 6((4,1,3,2)) + 4((3,2,1)(5,4)) + 3((2,1)(4,3)(6,5)) = {2, 1}

+181((2,1)) + 16((4,1,2,3)) + 9((3,1,2)(5,4)) + 6((2,1)(4,3)(6,5)) = {1, 1, 1}

+((5,4,3,2,1)) + ((4,3,2,1)(6,5)) + ((3,2,1)(6,5,4)) + ((3,2,1)(5,4)(7,6)) + ((2,1)(4,3)(6,5)(8,7)) = {4}

+52((4,3,1)) + 53((3,2)(4,1)) + 10((5,1,4,3,2)) + 7((4,3,2,1)(6,5)) + 6((3,2,1)(6,4,5)) + 5((3,2,1)(5,4)(7,6)) + 4((2,1)(4,3)(6,5)(8,7)) = {3, 1}

+157((3,1,2)) + 1320 + 108((3,1)(4,2)) + 20((5,4,1,3,2)) + 12((4,1,3,2)(6,5)) + 11((3,2,1)(6,5,4)) + 8((3,2,1)(5,4)(7,6)) + 6((2,1)(4,3)(6,5)(8,7)) = {2, 2}

+418((3,2,1)) + 2970 + 307((3,1)(4,2)) + 50((5,1,3,2,4)) + 28((4,1,3,2)(6,5)) + 24((3,2,1)(6,4,5)) + 17((3,2,1)(5,4)(7,6)) + 12((2,1)(4,3)(6,5)(8,7)) = {2, 1, 1}

+9955 + 1179((3,1,2)) + 804((2,1)(4,3)) + 125((5,1,2,3,4)) + 64((4,1,2,3)(6,5)) + 54((3,1,2)(6,4,5)) + 36((3,1,2)(5,4)(7,6)) + 24((2,1)(4,3)(6,5)(8,7)) = {1, 1, 1, 1}

+((6,5,4,3,2,1)) + ((5,4,3,2,1)(7,6)) + ((4,3,2,1)(7,6,5)) + ((4,3,2,1)(6,5)(8,7)) + ((3,2,1)(6,5,4)(8,7)) + ((3,2,1)(5,4)(7,6)(9,8)) + ((2,1)(4,3)(6,5)(8,7)(10,9)) = {5}

+49((5,4,3,1)) + 51((3,2)(5,4,1)) + 15((6,1,5,4,3,2)) + 11((5,4,3,2,1)(7,6)) + 52((3,2)(4,1)(6,5)) + 9((4,3,2,1)(7,5,6)) + 8((4,3,2,1)(6,5)(8,7)) + 7((3,2,1)(6,5,4)(8,7)) + 6((3,2,1)(5,4)(7,6)(9,8)) + 5((2,1)(4,3)(6,5)(8,7)(10,9)) = {4, 1}

+299((4,2,3,1)) + 1266((4,1)) + 211((4,3,1)(5,2)) + 162((3,2)(4,1)(6,5)) + 50((6,5,1,4,3,2)) + 30((5,1,4,3,2)(7,6)) + 25((4,3,2,1)(7,6,5)) + 19((4,3,2,1)(6,5)(8,7)) + 17((3,2,1)(6,4,5)(8,7)) + 13((3,2,1)(5,4)(7,6)(9,8)) + 10((2,1)(4,3)(6,5)(8,7)(10,9)) = {3, 2}

+741((4,3,2,1)) + 2844((4,1)) + 544((4,3,1)(5,2)) + 433((3,2)(4,1)(6,5)) + 120((6,1,4,3,2,5)) + 70((5,1,4,3,2)(7,6)) + 55((4,3,2,1)(7,5,6)) + 42((4,3,2,1)(6,5)(8,7)) + 36((3,2,1)(6,4,5)(8,7)) + 27((3,2,1)(5,4)(7,6)(9,8)) + 20((2,1)(4,3)(6,5)(8,7)(10,9)) = {3, 1, 1}

+8034((3,2)) + 1656((4,1,2,3)) + 1069((3,1,2)(5,4)) + 768((3,1)(4,2)(6,5)) + 225((6,1,3,2,5,4)) + 120((5,4,1,3,2)(7,6)) + 96((4,1,3,2)(7,5,6)) + 68((4,1,3,2)(6,5)(8,7)) + 59((3,2,1)(6,5,4)(8,7)) + 42((3,2,1)(5,4)(7,6)(9,8)) + 30((2,1)(4,3)(6,5)(8,7)(10,9)) = {2, 2, 1}

+21546((3,1)) + 4274((4,1,3,2)) + 2686((3,2,1)(5,4)) + 1887((3,1)(4,2)(6,5)) + 540((6,1,3,2,4,5)) + 275((5,1,3,2,4)(7,6)) + 214((4,1,3,2)(7,5,6)) + 148((4,1,3,2)(6,5)(8,7)) + 126((3,2,1)(6,4,5)(8,7)) + 87((3,2,1)(5,4)(7,6)(9,8)) + 60((2,1)(4,3)(6,5)(8,7)(10,9)) = {2, 1, 1, 1}

60121((2,1)) + 11168((4,1,2,3)) + 6681((3,1,2)(5,4)) + 4500((2,1)(4,3)(6,5)) + 1296((6,1,2,3,4,5)) + 625((5,1,2,3,4)(7,6)) + 480((4,1,2,3)(7,5,6)) + 320((4,1,2,3)(6,5)(8,7)) + 270((3,1,2)(6,4,5)(8,7)) + 180((3,1,2)(5,4)(7,6)(9,8)) + 120((2,1)(4,3)(6,5)(8,7)(10,9)) = {1, 1, 1, 1, 1}